141450
175297
242107
23560
22977
331668
685528
65930
46362
22431
288949
235130
286876
714982
594995
525497
15408
585218
341210
568352
789134
416352
639977
333034
Infinity
511229
Infinity
630954
Infinity
Infinity
1082990
772534
997297
900797
601816
318556
38419
53221
24437
441355
17604
296793
467632
55558
221819
852053
257971
161269
1148360
261545
NaN
2541685
334425
516349
489496
343614
36776
245222
182873
99012
47083
NaN
44282
60700
12790
395948
NaN
253530
NaN
865242
1156958
452317
39619
44159
20542
45778
1316095
Infinity
Infinity
85388
81211
79154
114848
291890
506761
918455
390826
393177
NaN
627589
549792
683959
545296
NaN
1090752
434255
410740
796196
549942
204964
NaN
236838
479109
253704
313456
233070
43146
376770
725578
342998
527985
493050
791692
366376
383694
615020
339738
272261
429029
308210
746449
212224
692534
1828756
1035081
1290360
589524
568160
383860
334913
25804
617528
28957
88376
47636
31572
497082
NaN
NaN
53675
106496
201183
NaN
498497
233699
333542
296939
299185
294719
183983
34072
43069
34796
71484
112366
25121
184819
15250
37540
NaN
Infinity
87314
NaN
NaN
NaN
NaN